0.33671875
0.36953125
0.36953125
0.39140625
0.396875
0.41328125
0.4296875
0.4296875
0.50078125
0.50625
0.50625
0.51171875
0.51171875
0.51171875
0.51171875
0.51171875
0.51171875
0.51171875
0.51171875
0.51171875
0.51171875
0.51171875
0.51171875
0.51171875
0.51171875
0.51171875
0.51171875
0.51171875
0.51171875
0.51171875
0.51171875
0.51171875
0.51171875
0.51171875
0.51171875
0.51171875
0.51171875
0.51171875
0.51171875
0.51171875
0.51171875
0.51171875
0.51171875
0.51171875
0.51171875
0.51171875
0.51171875
0.51171875
0.51171875
0.51171875
0.51171875
0.51171875
0.51171875
0.51171875
0.4515625
0.4515625
0.396875
0.3421875
0.3421875
0.33671875
0.33671875
0.33125
0.33125
0.33125
0.33125
0.33125
0.33125
0.33125
0.33125
0.33125

